,C1,C2,C3
3,0.589326932258005,0.4061877167302395,0.004485351011755306
6,0.5036329394803716,0.4963148767860659,5.218373356250852e-05
8,0.8898477156197393,0.11005447928605536,9.780509420526446e-05
18,0.8927050050503648,0.10704817570139288,0.0002468192482424327
24,0.7398656070877864,0.19227860738124228,0.06785578553097142
29,0.8613292104045589,0.12502578901975087,0.013645000575690264
39,0.6787854778271668,0.297136089174491,0.02407843299834219
44,9.307626942296586e-05,0.9432762932623718,0.05663063046820511
49,0.6531254487351066,0.3425917011021431,0.004282850162750167
50,0.9247590677578661,0.03629910992673298,0.03894182231540107
61,0.09822635986483297,0.3505651350332405,0.5512085051019265
84,0.857280038451007,0.0008392236233611028,0.1418807379256319
91,0.6197287832297423,0.3752591349228516,0.005012081847406057
94,0.013424308209285954,0.9495674195210816,0.037008272269632506
97,0.5775915932857824,0.41886959551271474,0.003538811201502854
118,0.6512728726406236,0.3454395186401008,0.0032876087192757423
126,0.21916314556628205,0.7754017441600053,0.005435110273712715
128,0.7800410519168667,0.21970673694128848,0.0002522111418448572
146,0.06739438048280226,0.7712264640673592,0.16137915544983866
149,0.6486244250662316,0.35132487398969653,5.070094407186401e-05
155,0.5244119899128176,0.4618159954570326,0.013772014630149884
157,0.4774433381683733,0.5188450203212686,0.00371164151035813
162,0.1414263631724425,0.8585196224202195,5.401440733810172e-05
180,0.24322009117291737,0.7567317077722902,4.820105479245908e-05
196,0.576533180910059,0.423408466736549,5.835235339193842e-05
204,0.5769683463110419,0.41832067812364365,0.004710975565314443
210,0.9573150567061858,0.042680407911804025,4.5353820101674715e-06
217,0.9803471318924448,0.01926852001510739,0.0003843480924477616
222,0.9137083379928636,0.0592049491632388,0.027086712843897708
224,0.07633878693317585,0.9219024842959713,0.0017587287708528574
226,0.4190717056902456,0.5773537574180967,0.0035745368916576784
230,0.4109064899742759,0.5865857624174415,0.002507747608282563
237,0.933242144401375,0.050825643012822025,0.015932212585802973
241,0.26270842168782194,0.7372852155236187,6.362788559389154e-06
244,0.9281319082720196,0.01988140706705503,0.0519866846609253
255,0.8108397322943599,0.1890705495653169,8.971814032327134e-05
260,0.981758497003642,0.011840453947201934,0.006401049049156086
266,0.9754922012359855,0.02407227869498706,0.00043552006902751624
274,0.3626458058262804,0.6265364976392979,0.010817696534421606
281,0.9923187175891327,2.842296560580505e-05,0.007652859445261421
294,0.8794338420090608,0.04869748473943582,0.07186867325150335
298,0.9119376103402285,0.08409612376776443,0.003966265892007087
303,0.797735922270643,0.17042161454787194,0.03184246318148513
306,0.033180812080609086,0.4051481514891959,0.561671036430195
309,0.35692222545175956,0.38473972055331085,0.25833805399492954
313,0.6968453564654309,0.27037722847354967,0.03277741506101941
326,0.458979700494603,0.5370378997181502,0.003982399787246808
330,0.5340337806397156,0.15682810406720424,0.3091381152930801
332,0.1276178523568148,0.24932904873180287,0.6230530989113824
334,0.09408574422945704,0.7383674566594721,0.16754679911107087
335,0.9204324829732606,0.06725982256578522,0.012307694460954156
346,0.7872840899710659,0.12508134113322006,0.08763456889571401
348,0.2581094986367097,0.7416394410967205,0.00025106026656978225
353,0.8014690214882007,0.11399037508052517,0.08454060343127416
360,0.23581411021485227,0.7465727804817444,0.017613109303403346
362,0.9132729119610192,0.08645232834251701,0.00027475969646370666
372,0.005281519432062316,0.9716856302899081,0.0230328502780297
374,0.9498574699275939,0.04869163806525095,0.0014508920071552094
383,0.15709696331496037,0.842839929291374,6.310739366563799e-05
393,0.6145165521216881,0.38334676825414354,0.0021366796241683883
394,0.9939240556258462,0.005921083885304419,0.00015486048884939005
399,0.6757161194225836,0.0007270321058808856,0.3235568484715355
400,0.027909348297536843,0.6248774827172553,0.3472131689852078
402,0.7965601328953128,0.03492220136877242,0.1685176657359148
408,0.8821869527320342,0.09528592990700707,0.02252711736095862
418,0.9779064215261347,0.022086404734133296,7.173739732016024e-06
423,0.9980590446950061,0.0009754298927922808,0.0009655254122017242
432,0.9463907967157051,0.04030718078064386,0.013302022503651095
435,0.9123897915420666,0.06455649832510534,0.02305371013282804
439,0.5324033341488489,0.4613636149647008,0.006233050886450275
442,0.7622992386744202,0.20377097420084764,0.03392978712473234
448,0.1268122715112777,0.5568326321235008,0.3163550963652216
452,0.9292737908818411,0.040399851980452636,0.030326357137706324
453,0.6246689054768312,0.34962007888770763,0.025711015635461205
454,0.018312553380586672,0.9647985070757227,0.016888939543690765
458,0.1958153862861173,0.6025683224578782,0.20161629125600472
465,0.33535332147535296,0.6643085824374931,0.0003380960871538654
468,0.7508521452770018,0.2418067991418335,0.007341055581164642
478,0.9976974054458123,0.0014114348340050341,0.0008911597201826941
481,0.651884778896835,0.3460646846175307,0.002050536485634307
495,0.899815258666063,0.10011777928580444,6.696204813249152e-05
509,0.9947083733705905,0.005196978328139646,9.464830126995743e-05
514,0.645142598958,0.34405233241658667,0.0108050686254134
519,0.9738930551246165,0.01239058014654591,0.013716364728837634
521,0.9731456834167393,0.026806641360679662,4.7675222580969715e-05
528,0.0035103728905562528,0.10640550005171624,0.8900841270577275
545,0.9993539146297324,0.0002716064206829521,0.0003744789495845941
552,0.7447618242851874,0.23073268927386714,0.024505486440945485
557,0.002541281880322768,0.6666104757785792,0.33084824234109794
565,0.1731475508721495,0.6842367893795528,0.14261565974829768
581,0.38240251324361085,0.5733984694938191,0.044199017262570015
584,0.32478582803624334,0.37343313196320604,0.3017810400005505
588,0.5913565274534651,0.40860495132212105,3.852122441388227e-05
592,0.503339836044445,0.49636786461403687,0.00029229934151813743
596,0.4003246833144128,0.534133441262789,0.0655418754227982
598,0.7649637049608469,0.224049983186249,0.01098631185290413
622,0.5981622720477467,0.39199792206402084,0.009839805888232403
634,0.9529987981189197,3.631511028545833e-05,0.04696488677079486
645,0.8216280191119123,0.1741415107864774,0.004230470101610393
657,0.9921160180019634,0.007711947243139829,0.0001720347548968446
658,0.0037954188503238726,0.665603343709552,0.33060123744012415
671,0.9867939860341834,0.012836330097279627,0.0003696838685369342
678,0.6086687364294707,0.39118333467645633,0.00014792889407289807
683,0.8656545983151697,0.13227405239701803,0.002071349287812229
688,0.17613695442434593,0.491504831867225,0.33235821370842905
701,0.810698119253523,0.05282706467148741,0.13647481607498962
707,0.47451182266121633,0.1287270885832737,0.39676108875551
710,0.9614278781170933,0.036251102259826765,0.002321019623080019
715,0.9449028844452769,0.05164312250458085,0.0034539930501423298
730,0.09481969966619735,0.8274324239427882,0.07774787639101455
740,0.16155138763879612,0.8377616131951723,0.000686999166031545
742,0.014760817482214191,0.7956577331527327,0.18958144936505306
750,0.13804729040967992,0.011341703024103538,0.8506110065662166
759,0.23976981384458546,0.7467311712058237,0.013499014949590915
763,0.002973971374814502,0.7112262529306193,0.2857997756945663
775,7.195465609626267e-05,0.9289972776608318,0.0709307676830719
780,0.8147892011316983,0.18514167720140898,6.912166689265932e-05
801,0.33872786414871797,0.6602939248371275,0.0009782110141545474
804,0.004257873105898163,0.8063337292832744,0.18940839761082748
808,0.7408665991928723,0.2540328696065269,0.005100531200600686
812,0.5463921745948472,0.19321702742769378,0.260390797977459
815,0.5213417357864747,0.4700491809242665,0.008609083289258699
819,0.3911217457435261,0.5920489329995228,0.016829321256951104
822,0.2364381957761488,0.35518500291091615,0.408376801312935
825,0.8350414639930106,0.09631619556121188,0.06864234044577756
829,0.9921160180019634,0.007711947243139829,0.0001720347548968446
836,0.9416527729165882,0.014194370273188931,0.04415285681022281
839,0.9938378826934808,0.00615066215320442,1.1455153314669797e-05
843,0.9940042910074387,0.0010382589416870144,0.0049574500508743295
849,0.998582574139968,0.0013919879379456696,2.543792208630698e-05
854,0.9987865194076454,0.0008661931735984059,0.0003472874187561577
865,0.9915873899064596,0.004096494330631307,0.004316115762909092
866,0.39927928268436824,0.5949208255167268,0.005799891798904989
881,0.9940397253277169,0.003224465339524446,0.002735809332758692
884,0.9535171676947372,0.04637963016100496,0.00010320214425786307
894,0.9896321095857702,0.0015422064089159815,0.008825684005313892
908,0.8894870271994206,0.11048148417230882,3.1488628270518564e-05
911,0.8123797048301087,0.1854908550094384,0.0021294401604528227
914,0.7541342254178387,0.21832070003787687,0.027545074544284398
921,0.7107551740739332,0.2342100022566168,0.05503482366945002
951,0.9258909753172024,0.07234943254984737,0.0017595921329501196
957,0.9519881862083134,0.04696921906867521,0.0010425947230114675
987,0.7865703185393332,0.17408064694712153,0.039349034513545315
989,0.6316721605392884,0.36517095499877344,0.00315688446193803
993,0.5065226691768605,0.49336199686605753,0.00011533395708197592
1003,0.2697765435740812,0.4705315163897204,0.25969194003619833
1013,0.4887433942382118,0.053899722399351244,0.4573568833624369
1020,0.8055268299492317,0.034556048723427234,0.1599171213273409
1040,0.5120349954234551,0.47246318988133357,0.015501814695211301
1055,0.9717857715188656,0.023006626348299173,0.005207602132835353
1067,0.918301215619013,0.07988532263085844,0.0018134617501285337
1068,0.9595992996024773,0.03871641424773522,0.0016842861497875481
1072,0.6593609604569751,0.33820443528233823,0.002434604260686643
1074,0.5996866126781628,0.03582331336266318,0.3644900739591741
1088,0.9424241142870209,0.05754978538469077,2.6100328288376773e-05
1091,0.9470097118489792,0.011992970393265181,0.040997317757755544
1093,0.6909804086535689,0.17479871237379632,0.13422087897263474
1094,0.9918071171559649,0.007807438206894429,0.0003854446371405761
1101,0.786049455117977,0.1565774092868246,0.05737313559519847
1115,0.008989057738895967,0.9866340817310304,0.004376860530073604
1127,0.9617138197115809,0.0022977832808612425,0.03598839700755786
1135,0.19235072745063153,0.8075304927755256,0.00011877977384291821
1144,0.8258240852388078,0.1741748226614692,1.0920997229108117e-06
1148,0.6105776941783403,0.38091921107588944,0.008503094745770379
1151,0.9815356378418503,0.010567248385327889,0.007897113772821924
1153,0.5979984466832462,0.3387819127593173,0.06321964055743644
1187,0.5043832002906102,0.4943313803145268,0.0012854193948630655
1194,0.9316292019897483,0.06623080523678061,0.002139992773471228
1195,0.991724799172858,0.008198325937083925,7.687489005813459e-05
1206,0.2537362627537788,0.36263672188345086,0.3836270153627703
1210,0.7407428653194126,0.1331653199960668,0.12609181468452055
1216,0.8737532970309856,0.006941407594179313,0.11930529537483513
1217,0.6776600416354742,0.1567146552903583,0.16562530307416742
1222,0.9921160180019634,0.007711947243139829,0.0001720347548968446
1254,0.0006125777018717026,0.1391480333071508,0.8602393889909774
1268,0.6012060137864642,0.3306744532679428,0.06811953294559309
1273,0.5905234690837835,0.23724916688356704,0.1722273640326494
1280,0.8180361360768422,0.09899944829010313,0.08296441563305453
1287,0.9906896990785282,0.001202922481132291,0.008107378440339513
1307,0.9968261104799404,0.002694814114111168,0.0004790754059484082
1320,0.8580295750357875,0.1391584208064551,0.0028120041577572234
1327,0.9331731070893267,0.06628977714124105,0.0005371157694323916
1336,0.987372500007072,0.012191197167078928,0.0004363028258490354
1343,0.9222822824154409,0.07697399335634794,0.0007437242282112026
1346,0.0022292770086800293,0.9749766208632562,0.022794102128063726
1349,0.27093558870536455,0.7285078693078849,0.0005565419867505878
1351,0.6400185957369059,0.3516090343640036,0.008372369899090454
1355,0.983846540637772,0.014829374787978309,0.0013240845742497128
1362,0.23842177220443206,0.5646637868902629,0.19691444090530505
1364,0.6465478002663173,0.1825549623989508,0.1708972373347319
1366,0.5145205722530193,0.48413120769798396,0.0013482200489967292
1369,0.911177626085606,0.08452209812610799,0.004300275788286078
1377,0.8110423623003018,0.18103036845854406,0.00792726924115422
1378,0.7348640320769788,0.2618926662721384,0.0032433016508827926
1381,0.8086863418085128,0.1595534976180469,0.031760160573440256
1387,0.5625952035799863,0.4354327677358042,0.001972028684209591
1389,0.029254777766535754,0.9671339080247189,0.003611314208745368
1401,0.7254614316174267,0.2209774302497726,0.05356113813280071
1407,0.5209009572152449,0.3884116741680998,0.09068736861665534
1408,0.4368251054594089,0.5088402309746951,0.054334663565896016
1412,0.7072079404603787,0.2894891122244904,0.0033029473151308837
1415,0.854511624396957,0.08564064981807488,0.05984772578496803
1420,0.07206048112824173,0.7590903549732112,0.16884916389854698
1425,0.23982897766276792,0.6095530398774951,0.15061798245973687
1430,0.14384555071554297,0.8561483442546861,6.105029770915179e-06
1440,0.8496024399890749,0.12840636211952702,0.02199119789139811
1442,0.14958780869205443,0.8196411936238525,0.030770997684093145
1448,0.6647212919238719,0.3287839966110088,0.006494711465119336
1454,0.9888258350975627,0.0038219905223524906,0.0073521743800847176
1459,0.8819981009797803,0.11792713307163738,7.476594858228304e-05
1464,0.028718504939900535,0.9661470716078678,0.005134423452231691
1468,0.8685548054309007,0.12861752772671006,0.002827666842389204
1469,0.6398544480343487,0.3589615299547911,0.0011840220108603233
1477,0.605554974128224,0.393949035282079,0.0004959905896970516
1479,0.6226892282581263,0.37282021401456966,0.0044905577273040235
1480,0.9154307602212215,0.08439537577465214,0.00017386400412640527
1486,0.9440150761144209,0.015075864066991691,0.04090905981858738
1488,0.07465605801868158,0.9187580103174966,0.006585931663821715
1491,0.9869277416448342,0.012941341851516703,0.0001309165036490862
1494,0.9044740734422734,0.09521775643891324,0.0003081701188135309
1507,0.9645835494932625,0.03186073894661813,0.00355571156011929
1509,0.6935502432726096,0.30448550113074385,0.0019642555966465167
1514,0.9977698242114252,0.001356977377414986,0.0008731984111596991
1522,0.8943925354711605,0.10560679631475062,6.68214088971083e-07
1529,0.9953440865669209,0.0022133497009052634,0.0024425637321738225
1534,0.78150426114351,0.2180133877481873,0.00048235110830259666
1536,0.10741153223447235,0.890484254004929,0.0021042137605984963
1539,0.7078646771389295,0.277737535984113,0.014397786876957402
1550,0.9928093738182465,0.005871742813006001,0.0013188833687475363
1562,0.9194407715126499,0.0792520555063641,0.0013071729809860048
1575,0.9694197111855078,0.02805734460967869,0.0025229442048133976
1588,0.888641130324698,0.11044311042954938,0.0009157592457525876
1592,0.3675345586494243,0.5222993497032896,0.11016609164728586
1600,0.8531210605285661,0.1462524469910124,0.0006264924804214271
1603,0.6387610883596866,0.3604066037766289,0.0008323078636844856
1618,0.9416979080056582,0.011696469725290613,0.04660562226905125
1627,0.013398821277514551,0.45075107998569314,0.5358500987367922
1655,0.4566733564813416,0.5305621014820847,0.012764542036573642
1656,0.06447657946772564,0.041224205781441876,0.8942992147508325
1660,0.41682906594401453,0.5679796061246393,0.015191327931346256
1670,0.8502876135087584,0.061395622022411424,0.0883167644688302
1675,0.9385401725658572,0.06141014181231711,4.9685621825735844e-05
1679,0.9550940537850294,0.003386238200990672,0.041519708013979834
1700,0.4924374013989285,0.50575051605971,0.0018120825413614175
1711,0.2442415849575717,0.14742870113712936,0.608329713905299
1712,0.9823610621784419,0.017480306043099577,0.0001586317784585588
1724,0.830163191221081,0.16830726817457195,0.001529540604347059
1739,0.01897710012705301,0.9720741408854016,0.008948758987545335
1741,0.6720310406978351,0.324551636328737,0.003417322973427976
1749,0.6166636308555377,0.25353082996834386,0.1298055391761185
1752,0.23544694312197964,0.7300878546864826,0.03446520219153779
1761,0.3626987233570119,0.3927013412811128,0.24459993536187513
1767,0.6820986115055186,0.18360443552943678,0.13429695296504443
1778,0.6281210192021782,0.24484674325568734,0.12703223754213455
1787,0.6914611228062365,0.2773037539336494,0.031235123260114152
1793,0.3657575580307712,0.622934679868389,0.01130776210083977
1798,0.8994405025406557,0.0611401698291264,0.039419327630217924
1805,0.6991364423431727,0.29993935547381123,0.0009242021830160772
1806,0.9180858705800824,0.035766334489672764,0.046147794930244776
1822,0.9832707513570673,0.016396700665316292,0.0003325479776163102
1828,0.9565819325071481,0.04246617941052099,0.0009518880823308709
1830,0.9433158104885618,0.05591875278523053,0.0007654367262075386
1843,0.7254503651680932,0.27454330329644916,6.331535457622884e-06
1845,0.8935892645463487,0.10628199564916092,0.00012873980449043009
1871,0.5339015251731856,0.1338041523286724,0.33229432249814195
1881,0.9350864324320088,0.04590932468459596,0.019004242883395226
1883,0.9823495462989117,0.017309186949665597,0.0003412667514227766
1889,0.056776233475138715,0.6652293550839228,0.2779944114409385
1894,0.15095409716437896,0.784226371364845,0.06481953147077624
1906,0.5523228606899011,0.16805541468747834,0.27962172462262047
1913,0.50973253221305,0.49010587770778424,0.00016159007916570205
1917,0.6485457674464914,0.2933051663656904,0.058149066187818184
1919,0.03230939378539548,0.46142929198899685,0.5062613142256077
1925,0.5309034597059389,0.46721203178258447,0.0018845085114766098
1928,0.8923575263842363,0.10392235420962156,0.0037201194061421716
1931,0.26421471649832323,0.6328763251939702,0.10290895830770651
1940,0.21587973923652992,0.7414587743948109,0.04266148636865908
1947,0.6008376519895388,0.3051901906694859,0.09397215734097521
1950,0.06292722882737635,0.3950816898100199,0.5419910813626039
1954,0.7423593350390456,0.2576183080003466,2.235696060786559e-05
1963,0.9672376862770742,0.032427919762619564,0.00033439396030632724
1967,0.9840960047089439,0.01174951149247759,0.004154483798578504
1975,0.9116799704015596,0.08389140040301124,0.004428629195429157
1978,0.5637430101088278,0.41866817479297463,0.0175888150981977
1981,0.9871132513158632,2.183060634145292e-05,0.01286491807779521
1987,0.5264284083461789,0.43690576045339224,0.03666583120042901
1995,0.6041340759136036,0.3944763222603781,0.0013896018260183955
1996,0.8037202883280135,0.18882460199112033,0.007455109680866265
2006,0.9218801402463386,0.06460951430895165,0.01351034544470966
2009,0.05295995753918676,0.4577498202100867,0.48929022225072655
2012,0.9992842310438194,0.0007015775710021576,1.4191385178440441e-05
2014,0.999430106627977,0.0005615050155051181,8.38835651781964e-06
2063,0.4235144418628151,0.5744179427505041,0.00206761538668073
2065,0.8702384441791091,0.10429335745136044,0.025468198369530532
2069,0.8334522463809382,0.1408198101122271,0.025727943506834754
2073,0.9232396911058571,0.06672644763577071,0.01003386125837227
2087,0.5051626469813231,0.4138805184120518,0.08095683460662507
2094,0.7336900982687407,0.26168206287417994,0.004627838857079375
2096,0.35354390034164074,0.48312666184492303,0.16332943781343642
2106,0.2053125376589419,0.7882926563488846,0.006394805992173619
2110,0.9095899611034526,0.009456843574658903,0.08095319532188842
2121,0.39587881878708614,0.4589621128772962,0.1451590683356177
2125,0.9425855946581532,0.0562839375309462,0.0011304678109006548
2126,0.3949022094002955,0.0406175826641853,0.564480207935519
2129,0.4319859783475081,0.5679032642547966,0.00011075739769517487
2164,0.9921160180019634,0.007711947243139829,0.0001720347548968446
2169,0.792908660077127,0.20635621724233463,0.0007351226805383296
2173,0.4708568675785109,0.5276670657405597,0.0014760666809294893
2182,0.541645993976237,0.23438964802371648,0.22396435800004635
2187,0.7792051887049918,0.13079762932493424,0.08999718197007402
2210,0.44513746999357384,0.5543699909348545,0.0004925390715715515
2216,0.9964967852279479,0.0020506624229402718,0.0014525523491117672
2222,0.5750772120111042,0.4248400750567932,8.271293210244256e-05
2224,0.9007243368310744,0.0990203057169933,0.0002553574519322346
2229,0.001372141714394184,0.9905245364797517,0.008103321805854062
2232,0.026880720396350668,0.9706887843554801,0.002430495248169097
2237,0.04191921568938448,0.9162862640071665,0.04179452030344894
2239,0.815080659247887,0.003177398531677074,0.1817419422204359
2257,0.6645866403257759,0.2462385813793497,0.08917477829487437
2260,0.17963364345833774,0.19504838968757168,0.6253179668540906
2266,0.7302434639103287,0.17673478007754193,0.09302175601212935
2269,0.506540572316848,0.4905487964611339,0.0029106312220178667
2271,0.3790412088271121,0.48876633035815514,0.13219246081473265
2280,0.9952432791342937,0.0001357386246263688,0.004620982241079896
2289,0.7828166145916797,0.02705005551243716,0.19013332989588305
2294,0.09222552734824847,0.03435883749004488,0.8734156351617066
2300,0.6256660993716762,0.09642053012398458,0.2779133705043391
2302,0.09637828015422839,0.9034549617124599,0.00016675813331171814
2305,0.9801759353170284,0.018967059892495447,0.000857004790476151
2345,0.6562461958784347,0.3415980273498031,0.002155776771762171
2348,0.9995299102279092,0.0004700695567555158,2.0215335342554858e-08
2351,0.04449616981512662,0.8832373317867234,0.07226649839814994
2353,0.4262085286487766,0.5736889205690435,0.00010255078217979912
2356,0.02153982408569769,0.9434576991006042,0.035002476813698204
2358,0.8248087404587174,0.1635674941246724,0.011623765416609989
2360,0.8436000265757033,0.11038909980470997,0.046010873619586674
2362,0.8668134282622875,0.1319242319063105,0.0012623398314021662
2363,0.845701419173053,0.15381045823826167,0.00048812258868523485
2371,0.8873040936795644,0.11247581659648062,0.00022008972395496997
2374,0.09963159120113464,0.8998343533413166,0.0005340554575488129
2381,0.9804852822673837,0.01939232586497248,0.0001223918676438469
2385,0.6463390285228859,0.14374606177484994,0.20991490970226404
2402,0.949817246208341,0.04934454777693519,0.0008382060147238453
2404,0.8584821820557297,0.14087483249695418,0.0006429854473161131
2417,0.4091554840083523,0.4058952119716498,0.18494930401999798
2426,0.5310141310069232,0.430031319547434,0.038954549445642826
2438,0.5996916094716491,0.25498659588354156,0.14532179464480932
2447,0.9200520124710928,0.07963521311037057,0.00031277441853658493
2455,0.7306491527535902,0.02591160974022398,0.2434392375061857
2467,0.9138476366243472,0.024856675008376666,0.0612956883672763
2475,0.9307698103633756,0.01988624291194105,0.04934394672468335
2480,0.28297386118650625,0.02614371515383677,0.690882423659657
2494,0.9823610621784419,0.017480306043099577,0.0001586317784585588
2500,0.2671950380484161,0.4984627340546205,0.23434222789696335
2505,0.8968935625460893,0.10305940434136442,4.703311254630607e-05
2506,0.9859212711692397,0.007119631496855379,0.006959097333905033
2508,0.21949248609642377,0.7733940789994231,0.007113434904153101
2513,0.9948544488321337,0.00474415185811165,0.0004013993097545976
2516,0.8593241219556427,0.10449507490826168,0.03618080313609566
2518,0.885563611857903,0.009167200787518098,0.10526918735457876
2519,0.9987735707202855,0.0004674262676218377,0.0007590030120926843
2528,0.3401269427834664,0.42720199798099295,0.23267105923554068
2538,0.8215933673262352,0.006031006375403666,0.17237562629836098
2541,0.16648523735485662,0.8302857058468623,0.003229056798280946
2544,0.36555846535271835,0.6343637575383122,7.777710896951185e-05
2561,0.7385730673107631,0.18970604357648302,0.07172088911275386
2563,0.6504683031470025,0.29741149289098506,0.05212020396201241
2567,5.570724055593172e-05,0.9879651289553328,0.011979163804111188
2591,0.8317536637417868,0.1665601101389768,0.0016862261192363154
2608,0.6659927004986241,0.30701004624253664,0.026997253258839126
2614,0.4503315859402266,0.5496541816813609,1.4232378412303044e-05
2620,0.9758694312451229,0.009448766842907118,0.014681801911970032
2630,0.7814546595110746,0.2183294354177215,0.00021590507120402574
2632,0.9840168742829283,0.013885645499087551,0.0020974802179841807
2638,0.9931309434641147,0.00503644816730507,0.0018326083685802474
2645,0.00126470910337047,0.30094151630814064,0.6977937745884889
2648,0.9492803827051485,0.045924217309945094,0.004795399984906378
2665,0.5578638965752444,0.4318617888942757,0.010274314530479995
2670,0.9336403741024134,0.04313597545386439,0.023223650443722228
2674,0.9945562146762421,0.001537926554933436,0.00390585876882439
2688,0.9983414353189826,6.216766683773391e-08,0.001658502513350641
2691,0.7876790994593138,0.20996157327561604,0.002359327265070267
2699,0.6496383035078539,0.3438170934676241,0.006544603024522012
2703,0.8858605521789824,0.11410440497416668,3.504284685087908e-05
2705,0.2834791414023942,0.6112728353448894,0.10524802325271641
2707,0.7461970231235064,0.24795088101640814,0.005852095860085325
2712,0.3309207608095043,0.6590647219724168,0.010014517218078941
2719,0.30711546683490326,0.6901933067753625,0.002691226389734156
2721,0.8928077089371553,0.08507959293269397,0.022112698130150668
2723,0.984701291192949,0.003109695490831065,0.012189013316219917
2739,0.6083686887514271,0.30721835319672436,0.0844129580518485
2742,0.05618085391552291,0.6881114415336104,0.2557077045508666
2750,0.00295620759595987,0.6486931690804165,0.34835062332362376
2754,0.5445399391924793,0.455433313215014,2.6747592506830796e-05
2766,0.8943925354711605,0.10560679631475062,6.68214088971083e-07
2768,0.7020637426995282,0.297932206850433,4.050450038879738e-06
2786,0.9034157588590364,0.09645837055169873,0.00012587058926485654
2788,0.4932750370846567,0.5054902557961717,0.001234707119171617
2793,0.9917678636777412,0.008196981301465955,3.515502079286119e-05
2798,0.8401473454804105,0.11500220607588459,0.044850448443704845
2800,0.9881743618802123,0.009734509896882725,0.002091128222904884
2808,0.463535377109858,0.5363366458785984,0.00012797701154347986
2822,0.7516846918950648,0.24640948606220311,0.001905822042732014
2844,0.8678686054798609,0.08069183698650337,0.05143955753363576
2847,0.5928469936664391,0.38595950030893456,0.021193506024626274
2865,0.9516413173666963,0.023689340117798028,0.024669342515505756
2875,0.9990026420438007,0.0009963434390354619,1.0145171637575053e-06
2882,0.6255371356601187,0.3734621938593503,0.001000670480531076
2893,0.997279891612793,0.0027017823164405515,1.8326070766422114e-05
2896,0.9823998211832567,0.014229528789394794,0.0033706500273483877
2902,0.9176721458498563,0.0820330603107938,0.0002947938393499192
2907,0.5331449712123746,0.00501782131394014,0.46183720747368534
2920,0.30958714288494743,0.6580656383042043,0.03234721881084832
2924,0.7969482151399293,0.09497837164094419,0.10807341321912639
2929,0.946636360500188,0.002638979170779806,0.05072466032903228
2936,0.4802209428662794,0.5071988388235638,0.012580218310156776
2939,0.815133625147136,0.18161592227644743,0.0032504525764165204
2943,0.24987981623437663,0.7414557972988324,0.008664386466790968
2946,0.9956661988901389,0.0030405097863564086,0.0012932913235047968
2951,0.7022841506339776,0.2617475575662723,0.035968291799749995
2953,8.861513210335399e-05,0.9257392812040558,0.0741721036638409
2962,0.788935557950074,0.2065478020955535,0.004516639954372449
2964,0.5539586593325768,0.4416205281764318,0.004420812490991318
2966,0.9522424021937885,0.046110264182527554,0.0016473336236839987
2969,0.9903619383011109,0.007188436145762477,0.0024496255531266365
2976,0.45294815110547754,0.5466552170917974,0.0003966318027249991
2981,0.4034374832989708,0.4215116035523048,0.17505091314872448
2987,0.9630116143129197,0.03655817443113716,0.00043021125594332047
2996,3.2994606540293546e-05,0.9105172164960343,0.08944978889742537
3002,0.99372661615422,0.00616463150332382,0.00010875234245618692
3007,0.3750838954527794,0.5727520374999507,0.052164067047269835
3017,0.6289622304311231,0.37053060860023157,0.0005071609686453032
3024,0.7183692760074429,0.09684247905020857,0.18478824494234847
3029,0.2616272612060326,0.5948483664715222,0.14352437232244514
3030,0.8103865166629904,0.17422217139299304,0.015391311944016512
3043,0.9969918512270759,0.0004042616729869077,0.0026038870999371528
3056,0.6118802673496879,0.32053246390070234,0.06758726874960971
3057,0.9383177385939965,0.06164499639709229,3.726500891126963e-05
3071,0.40778605969591647,0.4475283740580099,0.14468556624607376
3087,0.039347652102972655,0.900487461248776,0.060164886648251294
3091,0.30074169619372876,0.13865655802287696,0.5606017457833943
3097,0.038560397907845094,0.825120336672776,0.136319265419379
3102,0.5734853268797536,0.4098080398643704,0.016706633255876045
3110,0.7014520437156087,0.2856011617633982,0.012946794520992988
3119,0.23207271542207691,0.7643222849745421,0.0036049996033809847
3122,0.9124932631100863,0.08138797816486153,0.006118758725052374
3134,0.9266250168025452,0.00115384478130586,0.07222113841614897
3139,0.8762693515197313,0.11942036430634119,0.004310284173927487
3144,0.997870451800244,0.001906699470812731,0.000222848728943258
3150,0.4328400142395836,0.563559863333078,0.003600122427338323
3154,0.9892959244756963,0.010323020116177318,0.00038105540812645184
3157,0.44449018572040677,0.5389481536634613,0.01656166061613191
3166,0.7398420124502678,0.12735099661878652,0.1328069909309457
3173,0.9319879238509771,0.03405473535278302,0.03395734079623993
3176,0.036835751126104425,0.6722378029269204,0.29092644594697514
3178,0.9457261388555883,0.05411752704006133,0.00015633410435034667
3181,0.9831993586628748,0.01323133987181241,0.003569301465312656
3187,0.7500609543008755,0.2473723058396278,0.002566739859496755
3189,0.9990205871602063,0.0005206573414715724,0.00045875549832223193
3196,0.8352044053042623,0.12750852259470857,0.03728707210102907
3207,0.5081547588381861,0.2574585619447605,0.2343866792170533
3212,0.9642227497821563,0.0019369652030336616,0.033840285014810005
3228,0.2056033334477556,0.7777393766689329,0.016657289883311326
3231,0.43533592306224844,0.563464391662439,0.0011996852753127024
3257,0.9860629374941493,0.008873111991634099,0.005063950514216806
3261,0.036598304649767315,0.08879583402816742,0.8746058613220652
3263,0.7874880014461804,0.20785477651589324,0.004657222037926408
3266,0.9596125478639453,0.030278096528266813,0.010109355607787798
3268,0.5250035120713185,0.4718680326120602,0.0031284553166213013
3279,0.6582452229325894,0.3012255092467871,0.04052926782062349
3284,0.946614550836688,0.04411476761024594,0.00927068155306603
3290,0.4785328781997329,0.5055818512275045,0.015885270572762632
3291,0.25464139050242834,0.3047385334887629,0.44062007600880876
3294,0.18855417571923097,0.5317569425605959,0.27968888172017314
3296,0.6513156181585087,0.3486843197237275,6.211776365726794e-08
3300,0.06809243848207204,0.3451509721738584,0.5867565893440696
3303,0.8986528341007242,0.03134952063809359,0.06999764526118221
3306,0.5352248713559504,0.45440795603615974,0.010367172607889896
3307,0.46259945878103464,0.5372566577148317,0.00014388350413369882
2,0.9915989167223062,0.008282537466961915,0.00011854581073190308
17,0.9908685363798578,0.00896148360523313,0.0001699800149090315
19,0.9921630065501809,0.007640256026832591,0.00019673742298662543
26,0.9894848970459761,0.010347245567293205,0.00016785738673074496
36,0.9702428751491948,0.029743787539978334,1.3337310826968938e-05
48,0.9799122218149969,0.009076068567714889,0.011011709617288309
53,0.9915589084165148,0.008340126508445986,0.0001009650750391221
81,0.9793566388481381,0.020431341764423974,0.0002120193874380699
83,0.9590135112764242,0.040982992124557,3.4965990189350347e-06
106,0.9952221410374305,0.004777225244254064,6.337183155034492e-07
110,0.9603434897376705,0.03955362934450229,0.00010288091782728458
125,0.9921160180019634,0.007711947243139829,0.0001720347548968446
134,0.9908850451771568,0.008920075294632884,0.00019487952821027447
138,0.9879543877733649,0.011879948094267382,0.00016566413236776428
153,0.9914665498403877,0.008243512458970308,0.00028993770064182677
161,0.9749682585416823,0.0248808852974564,0.0001508561608611763
178,0.9823610621784419,0.017480306043099577,0.0001586317784585588
192,0.9829765325573017,0.016697756863865515,0.0003257105788329047
202,0.9921160180019634,0.007711947243139829,0.0001720347548968446
203,0.9928235992646879,0.00705535054551255,0.00012105018979960316
211,0.986265428527571,0.01357117405631306,0.00016339741611582788
216,0.9894631999505289,0.010343849127419149,0.00019295092205197148
245,0.9908685363798578,0.00896148360523313,0.0001699800149090315
251,0.9868202172382903,0.013025403025675036,0.00015437973603476312
270,0.9886701878434568,0.011196220558658366,0.0001335915978846299
280,0.9908850451771568,0.008920075294632884,0.00019487952821027447
285,0.9886574352398552,0.011053987085365088,0.00028857767477969283
291,0.9921160180019634,0.007711947243139829,0.0001720347548968446
321,0.9908685363798578,0.00896148360523313,0.0001699800149090315
325,0.9849938758474444,0.014877964290144716,0.00012815986241089365
329,0.9951041653734539,0.004727280922169133,0.00016855370437700006
338,0.9968975424160744,0.0025349822687739604,0.0005674753151516042
361,0.9879543877733649,0.011879948094267382,0.00016566413236776428
369,0.9878110178631629,0.01196924394699359,0.00021973818984342083
382,0.9837147221571554,0.00651453702370572,0.00977074081913895
389,0.9972273598626445,0.0027004982332298868,7.214190412552285e-05
430,0.9885402112762363,0.011090655428217217,0.0003691332955465464
431,0.9894848970459761,0.010347245567293205,0.00016785738673074496
437,0.9879543877733649,0.011879948094267382,0.00016566413236776428
441,0.9895015647310949,0.010442961095324724,5.547417358048863e-05
446,0.9851612950929024,0.01473084813052937,0.00010785677656821099
447,0.9645320810185501,0.03536154417367191,0.00010637480777796168
451,0.984405499273961,0.015433446419719157,0.00016105430631986354
461,0.9837800156346805,0.015970311984160015,0.00024967238115957606
463,0.9876395438199195,0.01207043853833483,0.0002900176417458641
470,0.9874993482391518,0.012458980129295461,4.16716315528279e-05
474,0.9820886166414372,0.01772692372321036,0.00018445963535240504
476,0.9785939815009271,0.021337946266705647,6.807223236730519e-05
480,0.9737180939076374,0.026074317111211966,0.00020758898115059746
487,0.9878751867432106,0.012072006169947785,5.280708684157288e-05
491,0.9606334251147067,0.03086605255791272,0.008500522327380538
493,0.9967149456875386,0.0029714049432989238,0.0003136493691625107
500,0.9909005875223963,0.008876308069316326,0.00022310440828748825
502,0.9908685363798578,0.00896148360523313,0.0001699800149090315
537,0.990134975966926,0.009575741039288125,0.00028928299378580416
546,0.9946056045528774,0.005101043061754674,0.00029335238536806833
550,0.997139805710145,0.00018760610280561224,0.002672588187049382
551,0.9902274375795311,0.009674162280348906,9.840014011998359e-05
556,0.9589397293989008,0.041034942906595484,2.532769450379264e-05
560,0.981572917353685,0.018370334380659645,5.674826565516328e-05
569,0.9638729367156477,0.035760311254610024,0.0003667520297424346
579,0.9797516498094039,0.02006622651090008,0.00018212367969618702
597,0.984405499273961,0.015433446419719157,0.00016105430631986354
605,0.9902274375795311,0.009674162280348906,9.840014011998359e-05
613,0.9886574352398552,0.011053987085365088,0.00028857767477969283
616,0.9921630065501809,0.007640256026832591,0.00019673742298662543
625,0.9921455278536562,0.006890189144597592,0.0009642830017462066
628,0.9837800156346805,0.015970311984160015,0.00024967238115957606
643,0.9921160180019634,0.007711947243139829,0.0001720347548968446
647,0.9929571596744347,0.0060897339771136955,0.000953106348451628
648,0.9915589084165148,0.008340126508445986,0.0001009650750391221
650,0.990134975966926,0.009575741039288125,0.00028928299378580416
662,0.9851612950929024,0.01473084813052937,0.00010785677656821099
665,0.9959798390641529,0.003962037088443105,5.812384740394632e-05
667,0.9879543877733649,0.011879948094267382,0.00016566413236776428
675,0.9908850451771568,0.008920075294632884,0.00019487952821027447
682,0.9902324616391239,0.009651562496660897,0.00011597586421513012
686,0.9879543877733649,0.011879948094267382,0.00016566413236776428
691,0.9927660309560083,0.006866632671300622,0.0003673363726910719
700,0.9886574352398552,0.011053987085365088,0.00028857767477969283
702,0.9828522961480555,0.0170223847018013,0.00012531915014329643
720,0.986265428527571,0.01357117405631306,0.00016339741611582788
721,0.9921160180019634,0.007711947243139829,0.0001720347548968446
722,0.9908685363798578,0.00896148360523313,0.0001699800149090315
734,0.9572261791432476,0.042618731190630234,0.0001550896661221832
739,0.967085544319738,0.03248553547233937,0.00042892020792271974
749,0.9850428621969619,0.014631141680687717,0.00032599612235035283
754,0.9931598990115129,0.006777600840196933,6.250014829006358e-05
758,0.9120737527450804,0.0877606518759829,0.00016559537893667524
760,0.9867939860341834,0.012836330097279627,0.0003696838685369342
764,0.9422522144144427,0.05731313461231309,0.0004346509732442312
767,0.9728917903136707,0.026907143654878573,0.00020106603145071182
768,0.9941973845358103,0.00561012773930087,0.00019248772488885345
818,0.966500340430925,0.033220421802685245,0.0002792377663895881
824,0.9851612950929024,0.01473084813052937,0.00010785677656821099
831,0.9894848970459761,0.010347245567293205,0.00016785738673074496
833,0.9671376062380096,0.03282026099076698,4.213277122342879e-05
835,0.9908685363798578,0.00896148360523313,0.0001699800149090315
842,0.990134975966926,0.009575741039288125,0.00028928299378580416
846,0.986265428527571,0.01357117405631306,0.00016339741611582788
853,0.9894631999505289,0.010343849127419149,0.00019295092205197148
864,0.9879543877733649,0.011879948094267382,0.00016566413236776428
872,0.9894383116539099,0.010340229606533847,0.00022145873955620253
880,0.990134975966926,0.009575741039288125,0.00028928299378580416
889,0.9908685363798578,0.00896148360523313,0.0001699800149090315
891,0.9908685363798578,0.00896148360523313,0.0001699800149090315
892,0.9908685363798578,0.00896148360523313,0.0001699800149090315
897,0.9870267817667229,0.01286258535787793,0.00011063287539915885
907,0.9912735379884278,0.008015354126935768,0.0007111078846364678
913,0.9861402335910866,0.013670898448926971,0.00018886795998640453
917,0.9909344699972664,0.009018468745591458,4.706125714216471e-05
922,0.9878858081547924,0.011923243603500841,0.00019094824170679843
927,0.9894848970459761,0.010347245567293205,0.00016785738673074496
944,0.9902274375795311,0.009674162280348906,9.840014011998359e-05
948,0.9912669147415468,0.007944560785729428,0.0007885244727238245
953,0.9811509818950753,0.018764309277287086,8.470882763772069e-05
960,0.9937814522477086,0.005291171321566009,0.0009273764307252642
964,0.9887510680452102,0.01115315375657399,9.577819821586137e-05
967,0.9902274375795311,0.009674162280348906,9.840014011998359e-05
976,0.9921160180019634,0.007711947243139829,0.0001720347548968446
981,0.9910555604857344,0.008840258059869582,0.00010418145439605286
982,0.9787567463091608,0.02116145902600359,8.179466483560555e-05
995,0.9921630065501809,0.007640256026832591,0.00019673742298662543
997,0.986265428527571,0.01357117405631306,0.00016339741611582788
1000,0.9908685363798578,0.00896148360523313,0.0001699800149090315
1006,0.9983942683013938,0.0005268932053137418,0.001078838493292594
1012,0.9886510102346603,0.0113267592297653,2.2230535574445062e-05
1016,0.9768494940304954,0.017450547241455377,0.005699958728049258
